0
246
493
739
984
1229
1473
1716
1958
2199
2439
2677
2914
3149
3382
3612
3841
4067
4291
4512
4731
4947
5159
5369
5575
5778
5977
6173
6365
6553
6737
6917
7093
7264
7431
7594
7752
7905
8054
8197
8336
8470
8598
8721
8839
8952
9059
9160
9256
9347
9432
9511
9584
9651
9713
9768
9818
9862
9900
9932
9957
9977
9991
9998
10000
9995
9985
9968
9945
9916
9882
9841
9794
9741
9683
9618
9548
9472
9390
9302
9209
9110
9006
8896
8781
8660
8534
8403
8267
8126
7980
7829
7674
7513
7348
7179
7005
6827
6645
6459
6269
6075
5878
5677
5472
5264
5053
4839
4622
4402
4180
3955
3727
3497
3265
3032
2796
2558
2319
2079
1837
1595
1351
1107
861
616
370
123
-123
-370
-616
-861
-1107
-1351
-1595
-1837
-2079
-2319
-2558
-2796
-3032
-3265
-3497
-3727
-3955
-4180
-4402
-4622
-4839
-5053
-5264
-5472
-5677
-5878
-6075
-6269
-6459
-6645
-6827
-7005
-7179
-7348
-7513
-7674
-7829
-7980
-8126
-8267
-8403
-8534
-8660
-8781
-8896
-9006
-9110
-9209
-9302
-9390
-9472
-9548
-9618
-9683
-9741
-9794
-9841
-9882
-9916
-9945
-9968
-9985
-9995
-10000
-9998
-9991
-9977
-9957
-9932
-9900
-9862
-9818
-9768
-9713
-9651
-9584
-9511
-9432
-9347
-9256
-9160
-9059
-8952
-8839
-8721
-8598
-8470
-8336
-8197
-8054
-7905
-7752
-7594
-7431
-7264
-7093
-6917
-6737
-6553
-6365
-6173
-5977
-5778
-5575
-5369
-5159
-4947
-4731
-4512
-4291
-4067
-3841
-3612
-3382
-3149
-2914
-2677
-2439
-2199
-1958
-1716
-1473
-1229
-984
-739
-493
-246
-0
